1000
44 5 97
43 48 99
70 67 75
34 44 91
48 52 2
84 90 1
28 89 30
21 88 44
44 4 23
23 5 33
90 37 82
74 29 63
82 79 96
38 86 11
12 59 63
32 38 20
92 4 28
48 21 33
69 74 98
92 31 9
78 12 26
100 18 7
61 12 61
10 72 100
3 22 39
7 21 17
91 74 34
25 12 74
59 43 87
99 97 98
82 24 95
43 24 79
56 87 92
28 75 45
98 100 65
69 11 77
16 86 46
37 2 41
99 70 27
10 33 33
18 75 3
16 97 9
39 42 75
77 91 2
57 87 8
4 84 60
51 66 33
99 62 71
73 94 45
43 30 26
66 92 12
75 46 17
20 11 46
83 88 33
68 23 92
65 46 89
22 61 99
12 9 17
23 34 79
59 19 85
57 92 78
19 78 93
17 26 74
36 41 40
53 28 74
70 72 24
13 15 75
93 81 97
23 100 5
1 52 5
81 64 71
7 72 10
31 43 35
36 87 6
35 81 8
5 20 37
28 88 81
90 98 72
16 10 4
27 81 7
21 99 3
51 39 32
60 52 78
99 61 22
7 68 97
61 11 30
57 48 78
23 7 3
76 27 10
44 19 7
73 93 3
33 35 34
94 6 97
4 47 5
93 73 87
16 48 34
81 64 70
100 91 18
4 64 27
30 15 68
32 74 85
37 24 17
58 63 62
44 52 32
69 18 21
79 67 41
48 19 14
78 71 68
26 54 1
29 90 66
36 4 21
60 86 100
80 5 56
24 26 19
67 23 25
17 46 54
63 43 23
38 8 35
54 31 99
50 95 41
17 24 45
46 100 56
88 5 55
17 8 18
85 85 34
73 6 68
2 59 23
87 22 56
84 74 99
67 73 45
83 21 71
31 90 6
73 5 80
59 30 79
31 86 25
16 20 13
25 24 95
56 80 4
41 85 37
96 23 79
91 59 33
95 44 79
43 99 74
87 78 17
40 76 92
70 87 37
52 79 95
44 65 58
66 75 25
98 38 32
6 54 76
8 100 13
14 81 78
96 23 25
66 43 12
56 1 93
43 86 20
46 25 23
20 46 23
86 82 81
71 75 25
47 88 38
47 85 3
44 33 42
40 67 34
97 44 64
45 4 63
14 89 2
25 93 2
64 85 30
28 53 36
36 69 53
41 9 44
33 70 76
6 97 77
38 68 94
87 81 48
7 55 65
59 72 79
85 7 21
16 35 59
99 70 86
79 91 11
9 76 39
55 3 20
59 30 95
49 22 17
40 29 19
55 83 24
57 41 42
92 7 98
11 83 30
12 83 57
75 97 59
65 81 74
35 55 45
98 55 70
74 92 31
89 42 1
4 57 29
41 54 55
34 59 57
77 21 90
53 86 23
81 16 88
25 61 69
72 45 65
7 78 53
52 33 14
38 36 53
2 76 15
59 22 76
94 73 33
43 47 33
39 5 87
4 99 34
71 87 7
18 57 73
22 97 31
0 34 29
35 99 22
58 58 81
100 26 16
63 75 34
71 52 15
40 32 40
52 68 11
58 18 38
100 66 13
13 62 69
91 77 63
21 80 63
47 27 8
66 68 37
31 80 31
51 37 95
75 93 5
1 42 57
97 96 54
31 11 66
47 12 95
32 15 55
32 47 87
93 40 71
14 60 30
23 68 11
100 31 47
63 93 100
14 10 10
10 19 4
75 83 75
77 46 25
73 94 6
42 63 85
22 54 16
50 82 26
2 42 20
41 20 71
39 5 38
33 20 79
50 22 62
23 24 41
4 80 61
12 8 16
24 57 38
96 80 66
42 13 34
61 18 70
11 45 47
34 66 96
16 11 38
1 55 20
76 9 32
22 41 17
75 2 67
10 33 21
93 94 28
11 99 88
86 23 47
57 64 92
44 88 41
44 68 69
94 54 91
0 42 24
87 93 35
100 84 72
86 89 75
51 76 26
29 81 85
39 72 57
17 73 94
2 21 41
85 84 21
100 84 31
17 2 33
98 42 24
29 2 60
76 58 19
30 57 67
0 20 25
75 18 61
57 61 15
90 77 46
77 23 24
28 74 83
67 7 97
16 46 80
89 21 73
48 46 58
67 56 15
0 20 21
19 32 19
45 62 57
30 44 90
28 58 46
95 82 27
83 15 78
96 67 6
95 61 13
57 75 18
68 63 40
78 84 95
43 44 59
92 40 17
23 35 44
1 13 64
92 10 71
74 24 4
85 86 56
23 89 93
19 25 7
32 98 7
33 6 28
0 99 43
19 77 96
77 61 9
94 53 82
17 89 70
28 43 83
37 87 64
17 37 79
27 97 67
74 27 60
2 20 12
41 26 27
49 78 52
20 41 6
77 46 98
29 72 80
68 45 5
82 19 81
55 71 19
61 89 91
28 100 1
77 76 20
2 35 88
78 92 39
85 96 27
65 48 46
96 46 59
37 77 96
86 92 88
24 98 37
64 76 28
23 7 39
99 10 38
91 22 82
100 89 76
85 68 41
19 7 99
57 14 13
52 60 75
33 56 65
12 33 57
53 48 15
67 45 84
39 62 100
77 83 58
21 61 42
3 75 98
42 62 90
51 9 46
1 97 39
13 63 44
29 16 45
1 22 6
16 81 32
86 98 75
10 55 4
38 87 35
90 16 86
89 80 24
98 28 93
62 67 78
62 90 75
1 7 59
20 73 83
57 98 14
19 90 69
35 16 42
88 93 40
77 89 85
75 97 39
10 86 69
54 7 5
28 2 36
17 52 13
85 93 63
71 76 48
8 88 1
85 67 94
59 96 91
22 64 65
0 15 62
96 46 9
88 27 3
51 72 5
68 82 88
35 35 60
54 6 54
1 81 66
12 55 55
62 46 1
18 69 54
99 13 4
77 65 16
57 76 70
7 52 70
57 76 73
16 66 92
66 89 30
44 26 6
89 8 11
84 70 75
34 16 89
55 98 32
69 96 28
93 24 72
74 9 58
21 84 62
57 66 7
16 86 48
23 65 87
34 67 6
90 24 63
63 74 95
34 44 71
75 76 37
88 17 100
19 41 36
36 42 44
78 28 15
55 47 53
63 47 47
100 89 79
50 22 86
13 21 19
90 58 66
16 74 2
3 8 88
20 71 63
95 24 55
0 39 48
76 7 28
87 37 94
6 36 66
33 34 86
65 39 45
38 6 39
73 81 29
71 28 4
33 29 79
18 66 28
43 9 84
52 90 42
55 94 27
30 9 85
83 25 47
97 70 4
92 80 87
85 70 9
54 70 59
55 12 25
28 81 52
54 93 10
48 39 20
78 22 46
74 86 76
70 35 42
7 38 80
84 30 23
67 77 35
89 37 94
93 37 34
76 10 62
93 62 100
9 3 8
17 42 4
91 24 30
60 38 13
49 32 95
21 81 30
95 21 59
19 71 93
37 33 18
36 64 15
37 33 85
23 8 13
18 61 15
38 4 1
43 81 99
29 21 89
33 12 86
84 58 56
23 36 86
47 8 15
52 56 84
13 98 74
51 22 21
56 82 23
13 64 55
14 33 90
75 40 70
80 80 99
0 30 70
90 69 64
74 3 72
43 41 16
21 63 84
63 38 11
61 71 58
19 53 6
40 9 35
3 82 67
91 63 85
25 69 7
64 81 11
67 48 15
65 77 35
84 79 64
92 55 47
70 91 100
87 66 72
56 44 57
98 80 87
43 89 76
30 5 25
90 14 81
19 15 33
86 22 44
100 31 11
18 75 8
15 70 53
13 17 1
74 32 14
32 46 61
3 89 85
65 83 43
97 10 91
57 26 71
93 73 82
11 78 3
1 87 71
5 100 52
66 26 38
100 76 79
97 16 13
69 82 83
24 24 77
54 28 35
34 29 29
39 94 64
51 7 31
26 92 27
97 76 47
35 29 87
13 64 42
33 44 96
13 55 55
52 36 12
52 91 16
87 20 40
53 52 65
11 97 8
91 61 19
8 78 93
4 79 33
7 25 48
61 55 7
34 98 65
31 9 89
29 71 99
34 38 11
77 28 9
51 61 55
94 41 86
14 78 60
38 92 85
40 58 61
82 86 16
48 77 79
76 87 22
19 8 1
46 59 25
7 62 58
3 53 40
84 53 47
2 9 3
94 7 87
65 91 93
22 42 25
55 65 61
1 23 57
84 98 25
62 44 84
98 57 37
77 18 99
84 5 4
17 17 24
100 33 89
34 74 94
45 39 5
50 58 100
64 38 29
87 37 36
12 71 89
3 96 47
30 83 16
37 54 52
27 23 13
100 91 42
78 56 13
19 95 1
67 43 20
34 14 7
63 4 15
43 58 83
54 72 3
60 5 38
10 67 92
22 88 73
37 29 63
5 77 17
24 60 67
76 21 60
22 21 46
84 69 3
89 48 41
61 58 61
53 76 77
42 67 86
57 85 91
34 78 66
50 27 13
52 22 97
23 60 91
24 8 15
56 57 34
26 91 40
45 39 23
58 20 22
42 35 78
87 40 57
39 12 84
64 70 73
45 24 72
36 61 83
15 72 4
34 9 32
14 36 81
53 80 34
62 48 83
33 55 85
5 92 68
80 46 30
67 94 53
1 28 70
67 3 26
29 37 5
5 42 25
46 60 87
94 75 65
38 13 25
4 25 17
82 32 14
30 41 28
96 2 72
7 29 86
76 23 47
5 47 9
14 58 26
0 68 90
28 44 77
46 26 68
14 59 83
46 18 82
100 89 96
18 89 10
48 69 67
65 42 19
88 17 98
66 69 9
97 87 65
84 98 55
17 36 76
35 57 4
19 54 59
27 56 28
61 85 22
57 75 37
95 92 84
80 33 25
96 31 25
34 10 100
99 91 5
73 43 35
63 39 40
21 94 36
94 11 37
11 30 40
57 58 89
17 43 82
2 86 38
37 59 59
6 90 7
67 83 21
16 96 54
95 95 17
16 93 89
14 46 40
99 58 92
52 58 41
49 34 10
16 58 27
81 38 43
81 14 29
6 74 68
71 8 8
55 80 45
37 87 8
37 92 57
96 44 13
73 66 59
4 42 74
32 43 54
17 55 29
18 95 60
0 44 99
55 2 71
57 28 81
52 27 39
51 32 31
74 35 91
78 13 34
52 72 19
74 35 78
67 10 77
93 85 66
39 62 18
61 11 97
52 37 89
56 83 72
16 66 96
70 42 40
7 52 33
88 40 84
63 42 23
28 12 87
75 23 60
89 84 47
7 13 7
24 89 95
40 87 59
24 1 68
9 72 95
68 31 60
4 64 60
98 39 27
34 92 25
17 53 33
90 70 34
62 17 79
55 71 46
60 83 20
81 40 43
46 100 80
65 69 32
40 5 31
67 88 33
7 84 22
49 47 74
55 68 37
91 41 56
88 76 98
13 69 20
51 16 83
66 90 100
45 24 7
67 1 56
79 6 30
3 83 27
52 20 71
44 31 91
46 74 16
1 74 53
49 2 81
13 9 61
44 62 13
34 92 69
10 34 82
64 16 62
83 77 98
85 9 98
59 46 2
6 74 32
75 28 25
47 68 48
43 97 35
74 77 38
96 97 9
20 2 14
44 27 57
95 88 7
57 38 52
15 14 85
86 7 52
51 82 15
60 98 27
77 31 9
56 43 8
45 83 96
1 54 73
46 13 25
57 59 38
63 18 95
59 31 96
39 62 19
11 32 65
82 28 71
15 81 62
58 16 65
23 76 96
100 97 2
92 67 54
52 68 7
26 26 94
72 83 63
50 65 61
52 23 15
97 37 34
73 7 6
88 55 34
91 88 3
83 77 15
9 78 90
55 36 81
84 18 41
10 38 38
2 57 53
50 66 61
53 6 61
72 15 93
31 8 81
59 8 29
97 40 88
64 15 25
29 21 13
54 18 72
64 25 83
100 74 54
32 10 75
13 62 100
50 45 96
87 63 13
29 75 87
56 61 7
84 63 8
79 48 79
84 58 8
36 98 30
43 54 4
10 28 72
89 99 82
28 13 37
91 35 47
46 83 61
70 29 55
15 90 92
100 1 1
25 25 97
19 23 85
21 28 21
46 13 67
69 3 81
23 58 58
57 52 31
98 23 27
61 9 64
70 88 73
96 74 56
95 11 94
51 36 99
19 57 99
7 84 93
54 12 86
66 15 25
97 81 53
23 17 75
60 4 61
55 4 97
5 21 40
19 32 69
20 60 5
69 26 21
21 52 78
31 9 91
18 13 17
82 77 39
10 33 56
44 60 67
94 30 1
1 69 27
100 55 38
20 73 91
7 29 92
57 27 68
96 55 72
62 57 13
60 34 72
77 41 62
54 99 95
60 68 69
65 88 97
75 91 13
96 33 27
35 45 55
79 7 62
19 59 93
69 77 100
99 99 99
42 8 52
68 88 5
91 2 12
75 63 74
77 97 48
80 60 28
42 58 87
61 95 87
37 21 1
1 12 64
67 60 11
100 60 84
51 46 69
95 85 18
8 58 1
73 60 73
32 81 7
35 22 38
97 58 73
42 25 39
3 66 73
41 85 26
20 28 98
61 87 41
45 12 15
86 41 9
25 85 66
38 55 3
84 1 80
39 68 89
52 44 12
13 82 4
31 11 98
8 64 34
66 96 69
17 6 40
95 29 87
37 13 100
84 79 77
35 71 80
95 52 21
7 83 47
24 57 9
35 87 31
0 55 55
55 37 9
30 65 81
53 85 73
26 57 61
1 45 6
18 28 91
28 16 5
5 74 9
79 87 63
30 25 5
12 3 26
14 30 25
25 65 34
97 61 94
55 58 79
